{
    "name": "",
    "main_light": {
        "ambient": {
            "x": 0.05000000074505806,
            "y": 0.05000000074505806,
            "z": 0.05000000074505806,
            "w": 1.0
        },
        "diffuse": {
            "x": 0.8999999761581421,
            "y": 0.8999999761581421,
            "z": 1.0,
            "w": 1.0
        },
        "specular": {
            "x": 1.0,
            "y": 1.0,
            "z": 1.0,
            "w": 1.0
        },
        "intensity": 1.2999999523162842,
        "yaw": 0.0,
        "pitch": -45.0,
        "distance": 10.0
    },
    "point_lights": [],
    "models": [
        "/models/plane.model",
        "/models/opaque_cube.model",
        "/models/transparent_cube.model"
    ],
    "enable_ibl": true,
    "enable_shadow": true,
    "pcf_on": true,
    "shadow_bias": 0.0012499999720603228,
    "color_space": 1,
    "work_flow": 0,
    "main_cam": {
        "fov": 45.0,
        "aspect": 1.0,
        "near": 0.5,
        "far": 100.0,
        "enable_msaa": false,
        "transform": {
            "name": "",
            "local_position": {
                "x": 3.4000000953674318,
                "y": 21.799999237060548,
                "z": -14.0
            },
            "local_rotation": {
                "x": -5.427973747253418,
                "y": -0.2617993950843811,
                "z": 0.0
            },
            "local_scale": {
                "x": 1.0,
                "y": 1.0,
                "z": 1.0
            },
            "world_trs": {
                "m00": 0.9659258127212524,
                "m01": 0.0,
                "m02": 0.258819043636322,
                "m03": 3.4000000953674318,
                "m10": -0.19533324241638184,
                "m11": 0.6560589671134949,
                "m12": 0.7289935946464539,
                "m13": 21.799999237060548,
                "m20": -0.1698005497455597,
                "m21": -0.7547097206115723,
                "m22": 0.6337043046951294,
                "m23": -14.0,
                "m30": 0.0,
                "m31": 0.0,
                "m32": 0.0,
                "m33": 1.0
            },
            "rotation_axis": {
                "x": 0.0,
                "y": 1.0,
                "z": 0.0
            },
            "rotation_angle": 0.0,
            "children": []
        },
        "projection": 0,
        "proj_matrix": {
            "m00": 2.4142134189605715,
            "m01": 0.0,
            "m02": 0.0,
            "m03": 0.0,
            "m10": 0.0,
            "m11": 2.4142134189605715,
            "m12": 0.0,
            "m13": 0.0,
            "m20": 0.0,
            "m21": 0.0,
            "m22": 1.0050251483917237,
            "m23": -0.5025125741958618,
            "m30": 0.0,
            "m31": 0.0,
            "m32": 1.0,
            "m33": 0.0
        }
    }
}